32
43
80
92
124
135
168
191
233
245
300
311
332
349
360
392
404
467
477
511
521
569
581
660
672
717
739
771
793
859
901
945
956
984
1005
1027
1092
1103
1191
1201
1233
1244
1293
1304
1315
1348
1359
1392
1403
1413
1424
1435
1565
1576
1587
1599
1761
1805
1848
1892
1989
2001
2109
2131
2153
2175
2196
2219
2240
2261
2339
2349
2360
2360
2415
2425
2436
2447
2512
2523
2533
2545
2643
2653
2664
2675
2687
2697
2708
2719
2800
2812
2823
2833
2844
2855
2865
2876
2888
2899
2909
2991
3001
3035
3045
3056
3067
3176
3187
3231
3404
3415
3492
3589
3600
3644
3655
3687
-1