103
113
152
217
321
467
477
553
564
639
649
688
699
771
793
891
935
1043
1055
1113
1125
1173
1261
1337
1375
1685
1696
1707
1772
1821
1859
1968
1979
2120
2143
2164
2185
2208
2229
2261
2289
2300
2311
2321
2332
2376
2387
2397
2409
2463
2475
2485
2496
2507
2561
2572
2583
2593
2604
2616
2627
2637
2735
2747
2757
2768
2779
2789
2920
2931
2941
2953
3019
3089
3100
3111
3121
3132
3143
3203
3252
3263
3339
3349
3427
3437
3545
3556
3687
-1