59
69
147
157
212
223
256
267
327
371
381
412
423
433
445
456
488
499
595
605
683
693
705
760
771
793
880
924
972
995
1016
1037
1048
1060
1168
1179
1212
1223
1256
1267
1327
1369
1380
1609
1620
1631
1641
1717
1783
1816
1827
1871
1924
1936
2120
2143
2164
2185
2208
2229
2261
2284
2295
2305
2316
2327
2371
2381
2392
2403
2457
2468
2480
2491
2501
2556
2567
2577
2588
2599
2611
2621
2632
2729
2740
2752
2763
2773
2784
2795
2915
2925
2936
2947
3012
3024
3084
3095
3105
3116
3127
3137
3197
3208
3241
3273
3284
3317
3328
3383
3393
3469
3480
3524
3535
3568
3579
3665
3687
-1