37
48
179
277
288
337
412
423
433
445
456
532
543
576
617
628
728
749
771
793
815
825
836
869
913
951
961
1071
1081
1136
1147
1157
1196
1239
1299
1309
1353
1652
1664
1675
1751
1795
1837
1881
1947
1957
2023
2033
2044
2055
2067
2077
2109
2131
2153
2175
2196
2219
2240
2261
2344
2355
2365
2420
2431
2441
2452
2517
2528
2540
2551
2648
2659
2669
2681
2692
2703
2713
2724
2805
2817
2828
2839
2849
2860
2871
2883
2893
2904
2996
3181
3220
3296
3307
3361
3372
3448
3459
3621
3633
3687
-1